0.032856054
0.036658359
0.016073783
0.027683717
0.001679441
-0.007683827
-0.034985186
-0.037420589
0.01652014
0.00633652
-0.007778335
0.025757933
-0.003098173
0.001096836
-0.006573593
-0.004558518
-0.001920348
0.001775993
-0.016103977
-0.017643888
-0.008636512
0.001233395
-0.02979897
-0.001111054
-0.00405222
-0.034782599
0.002231642
0.053851215
-0.020893668
-0.024456483
-0.015811919
0.010738367
-0.041673545
0.040649726
-0.009166698
0.01650269
-0.007625442
0.024456796
0.012742875
-0.006450497
-0.033905162
-0.004480184
0.02833574
-0.006888723
-0.019993541
0.004163493
0.005141488
0.001485055
-0.012274498
0.018765572
0.006958712
0.023577214
0.002462287
0.013390355
0.019233871
0.020251382
-0.013232855
0.02430644
-0.017853118
0.018707805
-0.002527674
0.005068503
-0.012830023
0.002929865
-0.011685328
0.01803843
0.002977991
-0.002449583
-0.006027144
-0.000748714
-0.015133215
0.00821516
-0.035385371
0.001955483
0.012802487
0.00532731
-0.025804454
-0.00741032
-0.024938485
0.017919725
0.019844689
-0.009258568
-0.011245686
-0.001281499
0.021012102
-0.014767097
0.013314187
-0.001573566
-0.000393992
-0.012376841
-0.005348015
-0.002648254
0.006276126
-0.01215414
0.019022164
7.94465E-05
0.00667193
0.00307715
-0.00802323
0.009832649
0.024577897
-0.006437791
0.003934003
0.01260086
-0.010091737
0.014103894
0.012698352
-0.002089762
-0.002169109
-0.002248619
0.012545889
0.011500218
0.004621274
0.002263411
0.019596464
0.014718407
0.017955256
-0.00919973
0.013055052
-0.004203819
0.007889325
0.024100471
-0.00449207
-0.01407597
-0.026914425
0.025974071
-0.005131826
0.009628651
0.011989109
0.002894521
-0.014900373
-0.012196032
0.004552448
0.001510534
-0.002330847
0.012644165
-0.002782254
0.000748586
-0.004767162
-0.000342137
-0.003354009
0.001785659
0.020773377
0.001410491
0.013547872
-0.006153986
-0.025501121
0.002323063
0.010156854
0.01025715
-0.000601304
-0.008421329
-0.005527076
0.0071846
0.030417125
-0.008424745
0.00447864
0.007474903
0.004230461
0.015489333
-0.010083608
-0.00670491
-0.033101884
0.003893457
-0.009562133
0.006143682
-0.001610439
-0.018347958
-0.02136105
0.003427928
0.016872446
0.006719268
0.000612887
-0.010549986
-0.023801324
0.006483065
-0.009311785
0.008127144
-0.024605666
0.01415843
0.006307129
0.009084486
-0.002721777
-0.000629742
-0.009103042
-0.004239951
0.020225629
0.007512555
0.011806103
0.015080128
0.003361191
0.001473848
-0.00528489
-0.000336262
0.004574859
-0.003147602
0.024991535
-0.01815558
-0.005607478
0.007116009
0.009798742
-0.003498636
0.003582287
-0.005552598
0.002459426
-0.019163186
-0.000338041
0.014336986
6.66378E-05
0.006666667
0.016490099
0.028535995
0.016976044
0.002927443
0.002422059
0.003283551
-0.031678424
0.02187365
0.03157762
-0.003206285
-0.006129811
-0.011724469
0.021502787
0.035446321
0.022783089
-0.002970094
0.028013285
-0.020674238
-0.008023233
0.028509155
-0.039263848
-0.006501777
-0.008122
0.019086922
0.015318769
0.003643817
0.02297483
-0.005767254
0.000502047
-0.006578258
-0.003535297
0.025004155
-0.0126916
-0.026599884
-0.016693334
0.00098836
0.000116187
0.016783785
0.002570236
-0.019028069
0.005110663
