0.168543436
-0.011085718
-0.025300157
-0.01484501
0.009249549
-0.068780746
0.029276766
-0.01152982
0.012490773
0.016918958
-0.015889451
0.023560962
-0.002481156
-0.005210688
0.020349731
0.008084891
-0.010646037
-0.001918985
0.001365645
-0.010658918
-0.005659041
-0.014592683
-0.011920962
0.023174331
0.013292957
-0.012124756
-0.014358946
0.021880003
-0.005121328
-0.049505302
-0.018071832
0.009974781
-0.044656224
0.026574535
-0.003751665
0.036706681
-0.009635564
0.004304814
0.007265793
0.000782346
-0.037468524
0.014639719
0.021340139
0.022901574
-0.026687152
-0.034465569
0.01032097
0.011613078
-0.001089594
0.016108529
0.034045184
0.002317304
0.007139375
0.004517586
0.013875989
0.001316277
-0.004555958
0.001718497
-0.024759288
0.017036315
-0.004879635
0.014454613
-0.008783628
-0.074003334
-0.000235793
-0.006348542
0.009395708
-0.00930825
0.001918704
0.004896176
0.008781868
-0.008491219
-0.011647762
-0.014110271
0.006994842
0.008587745
-0.034038572
0.017238869
-0.020400695
0.003464046
0.013787842
-0.008979048
-0.005440346
0.002920155
0.02864466
-0.007534829
0.010062421
-0.003102004
0.002034525
0.002985907
-0.002083886
-0.007418331
0.000320596
-0.019649862
0.010849349
-0.000161673
-0.004588988
-0.013363425
0.003005272
0.003078376
0.022751041
-0.015983558
0.001036816
0.012042794
0.004876175
-0.007528384
0.02378271
0.007704066
0.010375645
0.017391825
0.011307838
0.000881697
-0.00991561
0.0100906
0.000824684
0.014345173
-0.010486657
-0.009702239
0.009834897
0.00248147
0.006271975
0.013446066
-0.00912492
-0.023280254
0.003714867
-0.002310891
-0.032802906
-0.003621315
0.007112539
0.002095452
0.00468544
0.000751604
-0.009724606
0.006456018
-0.004675663
-0.008405351
0.012783307
0.014574349
-0.00826845
-0.001114239
-0.007942659
-0.00666874
-0.003278733
0.010181669
0.00387657
0.001911473
0.005704307
0.041849555
0.005830282
0.0117942
0.0001445
-0.010534606
0.004638551
0.015996488
0.012989355
0.005316346
0.022628656
0.011132649
0.00336427
0.027399103
-0.00108789
-0.014041763
0.001974752
-0.015750256
-0.019565865
0.008844477
0.006227812
0.004859294
-0.023619214
-0.003979594
0.030551015
0.004418837
-0.001466465
0.000422019
-0.014832004
0.026051251
0.018829548
0.004603986
-0.015983116
0.052142245
0.006757893
-0.011344078
0.001281945
-0.008883121
-0.00334903
0.007712753
0.006415107
-0.00869361
0.015406887
0.001614542
-0.021690117
0.044821892
0.017790521
0.010349204
-0.004674915
-0.008376768
0.016789364
0.024122855
-0.01324045
-0.005064833
0.015596422
-0.028897637
-0.033931855
0.008873879
0.006969035
-0.013841701
0.016493862
0.03806376
-0.00480504
0.011879362
0.006240876
-0.013980225
-0.004721316
-0.02887445
-0.007797351
0.006467266
0.011165348
-0.002704146
-0.033050136
-0.03759153
-0.002104422
-0.023261419
0.017537736
0.021038396
0.003996291
-0.027194014
0.001080152
-0.011607716
-0.010867421
0.011789475
-0.023105878
-0.007325852
0.011947591
0.018829779
0.015407008
-0.000244144
-0.001579625
-0.003930671
-0.000278437
0.002538817
-0.015765696
-0.008415787
-0.010412259
-0.039972939
-0.025074079
-0.022104105
-0.002236392
0.001833937
-0.006693395
-0.03354298
0.01249998
